


































































































0.0
3.728826627
5.235358463
1.872647693
1.460419941
1.04040854
0.90891386








0.525818101
2.203191539
6.911754587
15.67315478
15.07748679
12.80223994
6.375005992
3.026458188
2.896922688
2.929777787
1.889998604
1.447524247
1.156682756
0.92043955































0.164858529
3.632076256
1.631739469
1.122029047
0.975379578
0.823857923
6.713853085
4.385235033
2.336013219
1.526940963
1.127387454
0.999278456









0.243218074
1.316199004
1.305024505
4.484217671
15.50235031
8.181071891
3.868650049
2.355615032
1.59554439
1.207198435
0.931542979

0.662065826
3.413323357
4.708580629
2.326257879
1.620630235
1.107971293
0.887190786
1.176082534
1.234151621
2.833007275
1.730182981
1.164375714
0.871631987














0.775342606
1.458712036
1.059112211
1.230874106
1.070259475
0.967181728

0.744967514
1.940207404
1.571779326
1.216731016
0.966560251
2.07636755
7.097673813
2.714850776
1.580489313
0.943087596


0.574127468
3.095070746
1.780099128
1.349937909
1.097839497
0.880792299




0.92062067
1.772144376
1.215992693
0.887925






























0.117838329
11.69079331
3.397106418
1.483337753
0.930035474















































































