0.0
0.0
0.0
0.0
0.0
0.0
0.0
0.0
0.0
0.0
0.0
0.0
0.0
0.0
0.0
0.0
0.0
0.0
0.0
0.0
0.0
0.0
0.0
0.0
0.0
0.0
0.0
0.0
0.0
0.0
0.0
0.0
0.0
0.0
0.0
0.0
0.0
0.0
0.0
0.0
0.0
0.0
0.0
0.0
0.0
0.0
0.0
0.0
0.0
0.0
0.0
0.0
0.0
0.0
0.0
0.0
0.0
0.0
0.0
0.0
0.0
0.0
0.0
0.0
0.0
0.011658764
0.020939412
0.019134039
0.016814292
0.013231322
0.010263658
0.007018233
0.004630957
0.0
0.0
0.0
0.0
0.0
0.0
0.0
0.0
0.0
0.0
0.0
0.0
0.0
0.0
0.0
0.011073852
0.045627285
0.034990643
0.025276868
0.013891063
0.012084238
0.010343282
0.0
0.0
0.004794913
0.0
0.0






0.748314099
0.620661655
0.47323021
0.387284413
0.310194989
0.22959567
0.175334704
0.206275072
0.525818101













0.749518457
0.677677133
0.641587808
0.56626753
0.472184009
0.399089451
0.385285353
0.302810462
0.262787346
0.345594887
0.269444369
0.26053333
0.280617059
0.205110495
0.19139668
0.217643136
0.238467439
0.227324603
0.164109444
0.17752065
0.18120312
0.21221633
0.183506607
0.116290319
0.138477965
0.144105927
0.143436279
0.143542665
0.143913948
0.128047646
0.117342925
0.164858529




0.823857923






0.681771032
0.467256248
0.48300038
0.388245562
0.379064439
0.395398994
0.367415313
0.250716496
0.250777041
0.243218074










0.75499046
0.662065826












0.746030843
0.526761237
0.429462941
0.425490165
0.394629599
0.346045006
0.334423368
0.285657204
0.278374419
0.25900871
0.312201701
0.335128229
0.298877879
0.278193601
0.775342606





0.834372366
0.744967514









0.755290686
0.62554598
0.574127468





0.767622406
0.706119411
0.665716738
0.61639998
0.92062067



0.838514763
0.743761767
0.617190792
0.547596879
0.487568988
0.441080768
0.391520982
0.3921205
0.35377349
0.30811278
0.283327005
0.267353877
0.266858535
0.287650611
0.281808969
0.211264354
0.355142167
0.37351888
0.269682285
0.236943284
0.503299574
0.600636316
0.374732905
0.307565848
0.260308655
0.199006761
0.177373448
0.146489301
0.126035206
0.1273886
0.117838329




0.654170639
0.508900523
0.372827215
0.272518046
0.206781253
0.180944768
0.164705241
0.144177762
0.138753708
0.126729722
0.114983996
0.102401845
0.094244578
0.086078988
0.071289968
0.06711139
0.057461566
0.047419396
0.041872832
0.043509022
0.038796275
0.026618805
0.025235056
0.028782613
0.025677177
0.01475068
0.006036228
0.0
0.0
0.0
0.0
0.0
0.0
0.0
0.0
0.0
0.0
0.0
0.0
0.0
0.0
0.0
0.0
0.0
0.0
0.0
0.0
0.0
0.0
0.0
0.0
0.0
0.0
0.0
0.0
0.0
0.0
0.0
0.0
0.0
0.0
0.0
0.0
0.0
0.0
0.0
0.0
0.0
0.0
0.0
0.0
0.0
0.0
0.0
0.0
0.0
0.0
0.0
0.0
